Tour_ID,High Cost,Higher Cost,Highest Cost,Low Cost,Lower Cost,Normal Cost
tour_idynufedne,0.13453222752955635,0.02733341840317754,0.00012321403460860642,0.1469177908811299,0.03906757721180256,0.652025771939725
tour_id9r3y5moe,0.16113007508066743,0.7151622156057841,0.05839852724779458,0.0069163888963709695,0.004834334503294561,0.053558458666088486
tour_idf6itml6g,0.6339605922136992,0.2361959743566358,0.0021264428620500152,0.012348378932116356,0.005252883974964571,0.11011572766053394
tour_id99u4znru,0.03013222491405323,0.07446909712640677,3.6487580265930376e-05,0.4139647641004305,0.0695921564792463,0.41180526979959736
tour_idj4i9urbx,0.026847879091386806,0.010063892732703418,4.377035035456024e-05,0.16922114050203113,0.07668813732979345,0.7171351799937307
tour_ids94pi2qs,0.0851957794027905,0.04281481593566366,3.060989387573549e-05,0.09187877979926808,0.06906117999515178,0.7110188349732502
tour_id9xx2dq4e,0.12571844415693567,0.8427409971043751,0.0013800747173389077,0.009398911168690951,0.005814413075960465,0.01494715977669883
tour_id9q7cbwf5,0.022304027930392104,0.008563437554674912,2.802872935148213e-05,0.15413817624029053,0.098719992923653,0.716246336621638
tour_id28uzu8li,0.3001428685035545,0.44490475490725767,0.03489426126021649,0.006885360712311932,0.052532250589015964,0.16064050402764343
tour_idf7lvpips,0.020020283450465467,0.008390792800436806,3.3733198690534366e-05,0.34619327647197984,0.26941369686598504,0.35594821721244224
tour_id69abaq9f,0.20842335871117346,0.20349479963187117,0.0007144356327268851,0.09587319387850594,0.008609348564455433,0.48288486358126703
tour_id20ne7vgg,0.020524778982511344,0.0052129612432982855,3.1499291227711574e-05,0.40934865119929886,0.21003812636601732,0.3548439829176466
tour_ida99j69n7,0.1598429222846993,0.7986010887295223,0.005343384895985777,0.00195723013105502,0.002206836044476195,0.03204853791426132
tour_idzwulen6z,0.01162954759192019,0.004664253503537604,2.5100862122610887e-05,0.3381969341460694,0.5461015238538881,0.0993826400424622
tour_id82x4wwmo,0.2914036745658743,0.4454221781006403,0.007369427872169643,0.011200317332481127,0.0404288849826195,0.20417551714621526
tour_idlhvaq2mf,0.14940425479622735,0.024220999539797075,9.945203094675564e-05,0.04222934318367424,0.06283524915638644,0.7212107012929682
tour_id8t7kqb9n,0.6721227554557214,0.23612235885979663,0.006208241506162828,0.023941115153930596,0.004288575355324536,0.05731695366906386
tour_idrn7vpcu5,0.012006830561714336,0.009814220517570768,2.467309791920542e-05,0.27513046786777595,0.07938328015003604,0.6236405278049837
tour_idqk4wakw3,0.21350820147109853,0.6160598443498793,0.003472773213333837,0.0062762298622863096,0.005342257869037117,0.15534069323436495
tour_id6fa1ag4g,0.19413082210625657,0.10525088040722025,0.00017637617923996579,0.08210288651625326,0.028595276433917505,0.5897437583571125
tour_id8yxycz3h,0.19834154093488154,0.10626493361342407,5.895446798492901e-05,0.2273893787288291,0.04314370011238968,0.4248014921424906
tour_idq3khwer6,0.017464850494269605,0.010440731623907436,2.726268646646154e-05,0.14689482350995625,0.07489435769493048,0.7502779739904698
tour_idhgharflp,0.35697148485496116,0.032000251550684825,0.0003022205025052894,0.06801556431025041,0.03158719752963531,0.5111232812519629
tour_idqjzzhcvz,0.0935135917716755,0.19824583227909692,0.6481403088844423,0.013985832464985725,0.0035006975134671543,0.04261373708633241
tour_id0l0xaktp,0.04599812320747249,0.0143293496578763,0.00023072640630696786,0.18390031136781393,0.021514936608835127,0.7340265527516953
tour_idbg22qq89,0.08983475624064434,0.021447812629998966,0.00012527835751099326,0.18471888376955484,0.1848440105715999,0.519029258430691
tour_idwkhfwtqp,0.4778968899156975,0.48907261808719454,0.0008193457146921429,0.004051718439002886,0.003171704110370298,0.024987723733042665
tour_id34dyvoyk,0.12558688352312805,0.016687677680132094,0.00017410802214757153,0.051353689657104254,0.025854586635651107,0.7803430544818368
tour_id5cfn85zh,0.3107428466428091,0.03614501462189568,0.00011637682020553711,0.05696352180355898,0.03854607025611384,0.5574861698554169
tour_id84rchmqs,0.0074223325340707046,0.003819595573151701,1.434219256967814e-05,0.31737514075178547,0.49431100866615424,0.17705758028226817
tour_idjh4cjj2x,0.041382924295295186,0.015182313382290803,2.8332597006822314e-05,0.2592648857996682,0.11550358571474156,0.5686379582109974
tour_idzy1dc1xm,0.3424648486187589,0.35793512613331135,0.0034111244254025484,0.008371416248524704,0.07154815525175769,0.2162693293222448
tour_id80j7qu6z,0.2319167832814963,0.06891185557709403,0.0002558278615812533,0.06986274466345102,0.08669232330067651,0.5423604653157009
tour_iddtkykn6k,0.02055739073468365,0.005816341449469785,3.163787952968735e-05,0.2642547306679168,0.44495932664857973,0.2643805726198204
tour_idg04qytor,0.1339079050003326,0.7030759591150444,0.08827926394643555,0.006559051556787064,0.005276961644014459,0.06290085873738571
tour_idv9sccb8o,0.5969085749973663,0.1389567665352124,0.0014895296920604867,0.01973344143437774,0.01721230644796669,0.2256993808930163
tour_idfstvxwpt,0.33784714019376605,0.44341037402774736,0.011604567613136352,0.00860093891028524,0.018048163999796352,0.1804888152552686
tour_idw8zh4idj,0.2848107297569572,0.5633241713168334,0.03239090814601908,0.0038785031200382204,0.01189491874288129,0.1037007689172707
tour_idri1bxxwf,0.09158705176651502,0.029548744410067995,5.375020265881907e-05,0.168988880306194,0.07592807055689184,0.6338935027576723
tour_id9jns3l59,0.15811061362783532,0.574764702128333,0.14530750576060047,0.015553801800943167,0.024118680517184764,0.08214469616510325
tour_idykz7qmpj,0.242930039314792,0.04443921164388539,0.00016466004193139432,0.11399924659019305,0.04715771977669826,0.5513091226325
tour_idff7h0lmy,0.25268802081482644,0.5542252884612346,0.0021248731855367264,0.025455774900788406,0.015700270344669618,0.1498057722929441
tour_idjhminmzn,0.6707175308328169,0.23874062104512178,0.007165001756890083,0.011663984305892676,0.00432284896024654,0.06739001309903214
tour_idiihytata,0.07092359196823798,0.8370461051363797,0.06853652107257872,0.003647272644568999,0.0025521595788646173,0.017294349599370082
tour_idp48ka6jb,0.17466242541854296,0.7682756348047725,0.0037292879133020073,0.008695715202546224,0.005895460623696465,0.03874147603713992
tour_idthc6m7sk,0.2886307122964929,0.6170146382171753,0.01597928917908165,0.007938807244943459,0.004296312553262214,0.06614024050904443
tour_idikm37slu,0.24791891065551394,0.598020962496553,0.002004948065348208,0.009501073100961476,0.01165027015541225,0.13090383552621102
tour_idvay0ce8g,0.01824775768247599,0.005462407859067571,2.0121013382267807e-05,0.3540980930662915,0.18551304084302167,0.436658579535761
tour_idljettp5j,0.01205116728348682,0.0034771851527753794,1.5336890814044315e-05,0.3738107863962577,0.3195607359726293,0.29108478830403667
tour_id6b75m18g,0.025883407212664234,0.007817678615322812,3.675436005962468e-05,0.33549313159469596,0.15302706525756074,0.47774196295969673
tour_idh1qz4kip,0.32922151877038375,0.19869419739887026,0.01749009562103589,0.05105485636828387,0.04032880240250658,0.3632105294389196
tour_idct1mds8n,0.32318823424876364,0.5836152140240634,0.007330984213753286,0.012289197007323248,0.005022602386317691,0.06855376811977877
tour_idmdkapl5e,0.29658991743137764,0.5794837550680234,0.012133210279049815,0.01519278327729332,0.004739115814161345,0.09186121813009449
tour_idtxl27kyw,0.1446353334508085,0.01687920589069916,6.713413412590634e-05,0.13847041900179688,0.08195934928261307,0.6179885582399565
tour_id3f5s1s8k,0.2146916980922261,0.5027005832741249,0.08425090374427568,0.024541301789646575,0.008257611420164476,0.16555790167956233
tour_idmy8ugm33,0.07294264922098337,0.8391151552760376,0.049985102533258045,0.0019071371588880723,0.002455966469724043,0.033593989341108854
tour_id15xhujqe,0.1027617234251092,0.7764624355609674,0.017027837612812704,0.008210640903206511,0.014106559945084578,0.08143080255281965
tour_idnvjzjzis,0.017618255643016896,0.017809306180416627,1.7782492056228598e-05,0.3627194392622355,0.2563143597330379,0.3455208566892368
tour_idicgj22ml,0.13046074372963704,0.8321982374320059,0.011255345360222135,0.0025127287480034167,0.00810386383331999,0.015469080896811722
tour_ideq6kef16,0.6678689287537253,0.21765590380782424,0.04517072969542319,0.0017324390959435301,0.009475792618672783,0.05809620602841099
tour_idm3ru5o69,0.1729519698182813,0.7084167981259736,0.01995766581706084,0.017918581697309918,0.004332227391224893,0.07642275715014935
tour_idtjnibi1v,0.03576283458382297,0.008936740319152522,3.5815321396179515e-05,0.15559856139683959,0.1124501182112403,0.6872159301675484
tour_id9mqg4jpi,0.6482538279465399,0.23670383214652174,0.002117859483625565,0.008731042168863546,0.007211302464745465,0.09698213578970391
tour_id6qtlrlj0,0.10113272209907297,0.020941523060853152,0.00014993901173743443,0.04528476986497565,0.04042610068286148,0.7920649452804994
tour_id7quxawwm,0.40312530479308106,0.08010641888023323,0.002432583514644314,0.011871806241887549,0.00523136834461835,0.49723251822553566
tour_id37beg9uz,0.5181855205850672,0.2366489679195423,0.009332695848256918,0.004569096518224644,0.02356723915281862,0.20769647997609045
tour_idmul4fjnn,0.09533681348781589,0.016701491487731694,4.103001341067932e-05,0.155099153609829,0.17621551862275922,0.5566059927784536
tour_idotkse0oz,0.3015087942291712,0.44040442902192173,0.003763785804139474,0.007703480005865287,0.03067822483209593,0.21594128610680627
tour_idctl4gkkk,0.36496780794311934,0.5212230563009027,0.007094637306515511,0.006168160943993447,0.010588579648513272,0.08995775785695564
tour_idkzhlxsk5,0.3788835663426574,0.41366821717974017,0.00581571652724853,0.009832703060411093,0.008623204133104414,0.1831765927568385
tour_idt8nbpyzu,0.2350225712995116,0.1264235955743821,0.0003120300273026013,0.1305055688072723,0.030945522716433877,0.4767907115750974
tour_idlvf31ik8,0.38149999900119114,0.2921185523757068,0.0022753436005866923,0.029415902546823667,0.009440481701678499,0.2852497207740132
tour_idbgqv7ifs,0.014487556849563701,0.01368772607363694,4.4499568994829825e-05,0.26021787569595284,0.15324203590817242,0.5583203059036793
tour_id0prergei,0.01895476590989801,0.004202320573784224,1.759589247953522e-05,0.33070332603166386,0.15698174328356546,0.4891402483086089
tour_idj7tc65fn,0.2004381313419438,0.056969088935722396,0.0001464623940183704,0.06285945288542731,0.06720370147298042,0.6123831629699078
tour_idm1x1vxbw,0.019361927018957725,0.004336096465291267,6.850512295075145e-05,0.39076931573431867,0.28641273756516183,0.29905141809331975
tour_id21v0cxt1,0.38753032263312626,0.4583655533114518,0.0033593487142868916,0.01184078507040397,0.027115138053123263,0.11178885221760798
tour_id1mcdpog2,0.04253917867534166,0.020045534184062918,0.00010758483683027872,0.112913312210155,0.0800351979043842,0.7443591921892259
tour_idhqzs2gq8,0.022071832155200366,0.006881929562487097,5.940829142335735e-05,0.3911178809151811,0.18124617112189703,0.39862277795381096
tour_idbjvcvpse,0.028588168776557864,0.00854957429612046,3.275190931325339e-05,0.13434488713526005,0.07432913421596568,0.7541554836667828
tour_idqmtjec5c,0.4370375747975711,0.12301970848626621,0.029382332645689235,0.01606869724122825,0.059683422300877094,0.33480826452836815
tour_idjylqwsbx,0.43359589676135973,0.38213046156603814,0.03883428430587784,0.004882190792808303,0.010851237806417328,0.1297059287674988
tour_id59lpui19,0.01422970056134173,0.005012881117537245,2.0656842909415982e-05,0.25152318206891644,0.49647397278923144,0.23273960662006374
tour_idfcuq5wgy,0.18280553570242658,0.06999762773124497,0.0002628071539923066,0.08090648909293621,0.0508388242705904,0.6151887160488094
tour_id7pyzqpkw,0.12002218900773216,0.7450038073259884,0.08312546482251824,0.0022799802665697012,0.005961417231423866,0.043607141345767424
tour_ideb9lf8br,0.3847420411211518,0.5326982588602484,0.0030059566531118625,0.003891383985035248,0.0038296133126175,0.07183274606783539
tour_idzogf5dwk,0.2098965633730952,0.10095095701589708,0.0004849943408638664,0.010078326827033772,0.014994445668979903,0.6635947127741301
tour_id41mnpgqc,0.07466677415564325,0.8919622890362654,0.014398958591648366,0.004061273605651233,0.002672821616716896,0.012237882994074856
tour_idmwyzw189,0.008902772679717293,0.005396501468588687,1.6798218452155993e-05,0.292194946945445,0.5379487069314086,0.15554027375638813
tour_idtjumeoc1,0.20385695682690258,0.6045108658076578,0.013177493375807958,0.027537218476227032,0.017420231837302444,0.1334972336761023
tour_idtncu3vvj,0.016901372774798,0.014696841666913863,2.182169575169478e-05,0.45825983778429497,0.09681093116380628,0.41330919491443524
tour_idzcavo88u,0.011677284342475747,0.019256139148007424,5.152300239292744e-05,0.4629003870356219,0.1417155955479192,0.3643990709235827
tour_idkot0odg6,0.029411180865013726,0.006609205373100082,4.582584290224601e-05,0.10797879338136258,0.1901301735870075,0.6658248209506138
tour_id8z19zqq4,0.13885091451654918,0.7800750254720453,0.015515122032055824,0.0029299874376333378,0.005552012405654178,0.05707693813606217
tour_idm10lb8m7,0.36353992308698974,0.07776421233497077,0.0012075439714787643,0.03761232577859275,0.051420847614178866,0.4684551472137891
tour_idr3vd82x6,0.6657377963727703,0.25034074209506796,0.010768187455460532,0.007868207642627101,0.00454681692223837,0.060738249511835665
tour_iduzdp7vc3,0.31936542510962185,0.441370086484739,0.11260486026245632,0.009046464748163058,0.008543697553012328,0.1090694658420074
tour_id095wm8uu,0.15695754215869964,0.06046314404400947,0.00010344658301682081,0.05797847045983597,0.018218984058480995,0.7062784126959571
tour_idfr76spf4,0.6389454076925328,0.2323454860960831,0.001944910766009987,0.005939637700264977,0.013984783787234355,0.10683977395787472
tour_idjs9dcswi,0.18744476461885118,0.7568009607302971,0.01140812778394825,0.006691023781897311,0.007638094156612468,0.030017028928393658
tour_idz34rclqa,0.3228555288690239,0.26294532348633265,0.0005626772092004092,0.016171427581511907,0.006850727564199318,0.3906143152897319
tour_id68ja64qt,0.29103895492909154,0.09163381089373168,0.0003828247858844113,0.025173587771360386,0.013483164261233452,0.5782876573586986
tour_idxac2uuqv,0.02950583560178844,0.009076135274934807,6.208408685044075e-05,0.39663776537951545,0.20144914035236616,0.3632690393045448
tour_idf8oqfnlm,0.0885397352259409,0.09528095608447316,0.00015480242022411148,0.09199926974166006,0.194039980811041,0.5299852557166608
tour_idvunzjwfc,0.2741839006280934,0.5345752516078773,0.006519108980037329,0.004534434319504637,0.043747485518849646,0.13643981894563775
tour_idw21ciy88,0.18109340980297026,0.6441042934316765,0.08986386035265446,0.0020246153099989575,0.009752304644519339,0.07316151645818038
tour_idh9xqxr96,0.043066050350851606,0.03840487495987581,5.7136487913356476e-05,0.1969337201714175,0.14349234766568025,0.5780458703642615
tour_idxverh9fy,0.0035441184682522514,0.0016583861326722035,5.805363137022697e-06,0.018616158635367724,0.9356130389261683,0.040562492474402356
tour_idokj8jc82,0.31238721143414516,0.09021962168546731,0.0006695881329979774,0.005747746146266394,0.007841024615122991,0.5831348079860001
tour_id7nzgco3n,0.1835675407602362,0.6591028204753704,0.014076212804418061,0.017648044985910823,0.022784992822526055,0.10282038815153864
tour_idssevzcvv,0.20169336030281962,0.1125236561296874,0.0001224819073706337,0.0461675969403393,0.05789453564348889,0.5815983690762941
tour_idpl6n18rb,0.023341813545038625,0.00693658118515514,2.38148207224629e-05,0.3072007755796036,0.14067708830901926,0.5218199265604608
tour_id00ickkxa,0.020008069451703383,0.008558151502017913,4.7398137517237705e-05,0.19919283795109072,0.19237509496238164,0.5798184479952891
tour_idtc8elj66,0.1272358693520523,0.8236051904239242,0.010298540068994678,0.0029705460436289504,0.010886285834027525,0.025003568277372396
tour_id9jslxdlc,0.18544084358643786,0.6518799834143131,0.07270013107878112,0.004727862957894932,0.008013826340481962,0.07723735262209107
tour_id7l1tqq3l,0.13592818766733344,0.8049171895179583,0.02226587455556929,0.0055248602291017536,0.006864384246368041,0.024499503783669115
tour_idarhine53,0.19585553001654,0.6689972760165214,0.034327477085453265,0.0044730237035474915,0.01128091879880244,0.08506577437913537
tour_id1ssjmgtf,0.025100276414729106,0.0048541977725767155,4.0516877768146996e-05,0.2538677094458085,0.4465935478767678,0.2695437516123497
tour_idcjzpvsbd,0.16999544800146768,0.05891586211047133,0.00040678523379076474,0.009470984918103777,0.031192351130335496,0.7300185686058309
tour_idp53f6fg8,0.02321263779323486,0.00802353640862912,4.656817449570288e-05,0.35468572358993683,0.22759677975562123,0.3864347542780823
tour_idrgw9c70j,0.5931529051218715,0.1482035045192361,0.00376346235619768,0.027816747373723683,0.02303115181116522,0.20403222881780583
tour_idlx2jlzs3,0.2555649882276242,0.09931583314085678,0.0002550087603893221,0.024764080351558235,0.01838102507528821,0.6017190644442832
tour_idjateimuw,0.6579633748509413,0.2230888019189751,0.004832050637084309,0.00975590922476083,0.004805185658308128,0.0995546777099305
tour_idof6v2a2t,0.03281894383770073,0.013025571112529754,4.982564127413374e-05,0.4791768137037732,0.11241253131566707,0.3625163143890552
tour_idbphqzwq0,0.40016982627230785,0.4165547583323177,0.01575109322066275,0.030746514680547402,0.011389857217907154,0.12538795027625732
tour_idnju0d13b,0.3538791590684378,0.4084635010427872,0.12273696140129206,0.007371547358112478,0.008701016901594444,0.098847814227776
tour_idbtqabgv8,0.17228109251859935,0.19373108255673388,8.879685345388393e-05,0.06832590334569637,0.006294389873732464,0.559278734851784
tour_idkzy90idc,0.29960985777011395,0.4143398126298388,0.17557094677481935,0.005192898223622968,0.035841412602672526,0.06944507199893264
tour_idybhcrip4,0.2410339149371269,0.6671297129894672,0.008520590385481601,0.0015777638183583687,0.012260573392308552,0.06947744447725755
tour_idgo26zwiw,0.059530304780706166,0.6979708134648481,0.1949856867703282,0.004123392804102327,0.00445659790380878,0.03893320427620627
tour_id6yuxzmbk,0.17545176445894942,0.657266792342617,0.052807523982192926,0.004761980735706835,0.01200827698513301,0.09770366149540093
tour_idxl466y8a,0.24259590328033317,0.042934901203377895,0.0007587362649106329,0.034047899067130995,0.03895463616737254,0.6407079240168748
tour_idx73vs98v,0.16408008855583522,0.6755788685043641,0.018363271148776273,0.023414558055622203,0.01158872172648003,0.10697449200892224
tour_id3r9btjk4,0.05846436020010894,0.019440603336306095,9.518026327544678e-05,0.09616108148867648,0.26735859524171196,0.5584801794699211
tour_idhgq4urqb,0.23504378954030478,0.6245119753211164,0.008027798959660758,0.004741491728078463,0.011802749365123958,0.11587219508571579
tour_idurejxr5g,0.6990567444667768,0.1999863434834443,0.0018564793703395128,0.001678400543371396,0.005968634763837924,0.09145339737222985
tour_id8hmm45yg,0.2665466651221948,0.6281975616028787,0.02042349184200677,0.005275671282652034,0.00503570892070907,0.07452090122955858
tour_id18jsnowr,0.33319552288172144,0.1906640103455971,0.052830292424699894,0.02932481918691597,0.07448291249636221,0.3195024426647034
tour_idgs3jbjvb,0.2592293878889034,0.08657175381400925,0.00028359064801446545,0.011381154246025885,0.016290246765553573,0.6262438666374935
tour_idikwsynra,0.07257302669625988,0.014547878397622857,0.00021828364635585775,0.10907711628248462,0.033524215835352617,0.7700594791419241
tour_idxexxrypa,0.17189081289738836,0.125467187811732,0.00023135618179922005,0.09465816037190927,0.04813023125820415,0.5596222514789669
tour_id4vle4re3,0.3101139818156325,0.5736546878120135,0.013448585687801837,0.004956370569225434,0.008530032866793661,0.08929634124853311
tour_id4ktjhmd1,0.4959829920472237,0.3365369946935109,0.000690973684738489,0.025692734456457058,0.011503591313470443,0.1295927138045995
tour_id51l3gvnj,0.21066311671949153,0.6523344332351739,0.007185693759080945,0.02133295148966031,0.006281967037392047,0.10220183775920116
tour_id8pp1z0qj,0.1487460166273828,0.06137063649010187,6.849247003897371e-05,0.07345059685608094,0.06993394464669744,0.6464303129096981
tour_id60ehhnp2,0.13689426121514228,0.6103255807488376,0.13005216870851236,0.011249720171228425,0.0053333728250129775,0.10614489633126648
tour_idpxt0agk9,0.26812052791930013,0.47666602813392905,0.007362179860336327,0.03133606790212364,0.021778296171750488,0.1947369000125603
tour_id8zqbxmj5,0.34249371515302335,0.38836055894180044,0.0750639035942455,0.00803322859475185,0.01924267660163206,0.16680591711454676
tour_idp5ukjn9m,0.004069027021864479,0.0017759328548587153,9.917377006231431e-06,0.053999195970414776,0.8970376768851255,0.04310824989073035
tour_idu7oecbie,0.0024317856666506944,0.0009948821081024817,4.6365313091714255e-06,0.0510663311536352,0.8288377404225176,0.1166646241177848
tour_id1dr9cikr,0.12023098888193591,0.8184322465205242,0.0170310688063058,0.0037925050134919418,0.004658797452020527,0.0358543933257219
tour_id0r3qxbif,0.11143597027193873,0.011208513895185875,0.0001456383192425075,0.061618832610948235,0.0651001887477009,0.7504908561549838
tour_idnox2sywq,0.14304856235195648,0.6999427567659304,0.003992372621907745,0.03878545182828579,0.009770457739949381,0.10446039869197017
tour_idy1jgkshd,0.0028699810974343303,0.0027820456934711545,1.5012637672346117e-05,0.24471299787831474,0.6677010502412571,0.08191891245185036
tour_idgww40skh,0.4195043805543117,0.5484120379352214,0.0015834076301536053,0.005607072941551271,0.0029606873187491937,0.021932413620012723
tour_ida8jpbqln,0.2792075460906208,0.6323180651004544,0.008288489563184969,0.0033501568562877126,0.020209345167889296,0.056626397221563
tour_idhyrqzusv,0.07925452163040203,0.014069898984324064,5.890164066459416e-05,0.17014904603341852,0.024464784235732995,0.7120028474754578
tour_idhad98cqz,0.16426090110833277,0.6416757316652547,0.0045380866578320364,0.02236174879860091,0.018920612970003664,0.14824291879997595
tour_idmwm72g00,0.6972241520477054,0.18351309332888283,0.0018032100867106477,0.0017336537813425186,0.0063566503365419845,0.10936924041881663
tour_idvwseyhh5,0.08698658511361647,0.8312963575378489,0.02874111303881342,0.00338553657838846,0.006618820115450448,0.0429715876158821
tour_idgcf1yvij,0.016620803726920395,0.005489834852301555,1.7031038218240598e-05,0.3414695671264702,0.1391342388942456,0.49726852436184404
tour_id3rxtrcif,0.09579071795357856,0.8504214769168856,0.006984570144061802,0.004844023854573125,0.005409012813403993,0.03655019831749708
tour_idy8ljrftg,0.3595516607994642,0.47566120721905947,0.05580241619103699,0.0037112459570851257,0.011422143302544043,0.09385132653081019
tour_idnp3tf107,0.0700367253110634,0.018501714087057933,0.00015618694187836547,0.0729084096688994,0.06802763291571212,0.7703693310753889
tour_id6flbqbca,0.32473686195015966,0.053760522584686735,0.00011693615742350459,0.0332834083523286,0.03237425147849543,0.5557280194769061
tour_idlwhkzuj1,0.2998862824877375,0.3191254985006614,0.00950570165482095,0.0076829961330151155,0.01697003750301133,0.3468294837207536
tour_idyj7ih64p,0.1142851539173968,0.04769710512665611,4.825520911907158e-05,0.09122747377090963,0.03716573068071709,0.7095762812952013
tour_idpsajjmyx,0.2931165038598143,0.5901561514690116,0.0030839408723932734,0.040553843423738724,0.007848377608219027,0.06524118276682317
tour_iddjm6wl6i,0.062057338055567866,0.01443888232771173,3.14659688484113e-05,0.08593254636459832,0.044534830118578145,0.7930049371646954
tour_idtagybv4g,0.21426095123504318,0.6587892408243656,0.03371002982406502,0.007787312363412493,0.019885098698588385,0.06556736705452518
tour_idqafmheqa,0.32948539727323595,0.38809342170507743,0.03883888364844682,0.032612297235079524,0.029424316973581267,0.18154568316457895
tour_idyi6los82,0.4662402830777535,0.07869616203422276,4.290968890421056e-05,0.033250640891828706,0.03450601900882858,0.38726398529846245
tour_idih1eowcb,0.37921118248308483,0.39760474615209407,0.02754530425339904,0.013900460467177942,0.025937379589389072,0.15580092705485518
tour_id95d3hnoi,0.3973895621554839,0.11509788496249934,0.006368333412073635,0.00489093332267605,0.04899407183559265,0.42725921431167435
tour_idvldrbm0s,0.07029864789681792,0.017083719022186396,4.064186072061041e-05,0.12345305413355101,0.07214907818855734,0.7169748588981667
tour_idiu5a5tzw,0.1652712576223177,0.6903813251276549,0.06415829542815951,0.006924027894717021,0.018274413001069564,0.05499068092608137
tour_idv36rzh7c,0.004605946317360848,0.004530297962900878,1.9606993250748096e-05,0.10348493485295358,0.8225213574924803,0.06483785638105342
tour_id85njxjsn,0.4820312707051975,0.13121101182934639,0.006622142616238807,0.021299625703705586,0.028801825094091217,0.3300341240514203
tour_ids4xd11vg,0.09626933832506557,0.8036534150584674,0.0680083833725003,0.0033611970354355857,0.006626960343374803,0.02208070586515639
tour_ids6e9lk9c,0.16201713339236232,0.44488234096875,0.00035821987710272916,0.010873517945661456,0.008079233937248822,0.3737895538788745
tour_idhprlrkv6,0.23373914788683475,0.08165473022619367,0.0001482146503459313,0.06857378302966767,0.09028749416943138,0.5255966300375267
tour_id99pyaz9x,0.5287141061567333,0.2955448578574198,0.00174756450523023,0.007275917995144082,0.012375077687532472,0.1543424757979401
tour_idg7e3ui4n,0.5000920032177936,0.13536566668762906,0.0016437474190860739,0.03846811790523989,0.014682069514083827,0.30974839525616754
tour_idrh37r0j7,0.10003304965814466,0.044256078997222,0.0001319240451097933,0.11390818550563625,0.10286226491668757,0.6388084968771998
tour_iduxrqhcea,0.19105220588505117,0.718730451584589,0.005202878146534444,0.0041424199744295506,0.0062116425084577515,0.07466040190093812
tour_id99d7kiwy,0.2558758828155567,0.4067093675071792,0.005906345058489034,0.0060769642670320595,0.006711260706020836,0.3187201796457222
tour_idw8wm2o5v,0.08695851457739663,0.011795999809564339,4.4503646896550356e-05,0.24877838062421256,0.09336037704536183,0.559062224296568
tour_idqyq9zw0y,0.1948018949308988,0.6709725586498926,0.016386043191205877,0.007084257877642264,0.028204247190700842,0.08255099815965962
tour_idivwq4v1w,0.017548386459175593,0.0076341472481038855,2.5793821854887336e-05,0.42620165040627445,0.28411768729169656,0.2644723347728947
tour_id4xoqo9i1,0.2351257223491873,0.6823791670016277,0.007839235461469541,0.010899631088216236,0.008597809493025296,0.05515843460647392
tour_idnevz5lyh,0.13129795463198002,0.7710006485471801,0.04810837427532456,0.003156537023876018,0.008012291081166311,0.038424194440472945
tour_idn49b65yc,0.02831688451435581,0.013896166103047555,3.479630648320292e-05,0.14889770588168014,0.09111610064134494,0.7177383465530884
tour_idjrta1z0l,0.18296653417081438,0.6741439906723156,0.04547319107873253,0.0026323899703761325,0.0059095667951563555,0.08887432731260501
tour_idequkopmm,0.18977528889982037,0.20301941426176404,0.00032702913250120483,0.035789339898748475,0.08230574388777082,0.48878318391939507
tour_idkr5a8qhh,0.2766675680744231,0.2308473355489483,0.0002874990682251552,0.02351175953467625,0.07941466828525816,0.38927116948846907
tour_idck1i9jpy,0.011277592497958244,0.006105412034767548,1.8021903698444506e-05,0.17186309690257948,0.7154914019488795,0.09524447471211686
tour_idamsemrsk,0.6631477115378728,0.21709083083920677,0.0017013480889838321,0.006288726303279118,0.004826275898076841,0.10694510733258064
tour_ide41cohib,0.27287029641723626,0.6041860971347026,0.0022049067627179374,0.05390431220797346,0.019096602996997898,0.04773778448037177
tour_id2capxqan,0.0031026708470485585,0.0030039492996447033,1.4160872779376941e-05,0.30219465117536676,0.609684896162566,0.08199967164259468
tour_idmkyy3nzt,0.10656885741640386,0.1400689630751779,0.0002081525326843323,0.016966934042897636,0.008858777803904708,0.7273283151289315
tour_idnhl7qohv,0.11711050078058265,0.025393666833000834,0.0003125339759866879,0.10224282200702312,0.023352950293009368,0.7315875261103973
tour_idh18uxy9f,0.015585435184831372,0.00420379074579688,2.7385053310119797e-05,0.31835357710070983,0.19008242661597605,0.4717473852993758
tour_idi0vhg24d,0.061482606506702925,0.11889751934011109,0.0005303963100829853,0.020298623237835267,0.1470665011286485,0.6517243534766193
tour_ids4vqip7q,0.3838195782727489,0.43662296090241537,0.002542192404600373,0.014423253922325572,0.015578132608233227,0.1470138818896767
tour_idgejmazuc,0.6893003686801382,0.20630443589850214,0.003996653033565334,0.006158389401420447,0.004404537259512877,0.08983561572686105
tour_idf80dee6z,0.3434375346324782,0.23596854724860203,0.001514810192611479,0.01921642249602822,0.023831525919274548,0.37603115951100546
tour_id52jj29ct,0.07888887896251523,0.0612400962471351,0.776596068539572,0.004514030976748578,0.008690593900835783,0.07007033137319323
tour_idmku52s29,0.08437157418118228,0.02837284915495288,0.00015589554849862903,0.12274115370335029,0.10819834609931768,0.6561601813126983
tour_idfj2056k5,0.1900815956117507,0.055034899438229874,0.00015878102261431866,0.08455336382002257,0.04761411367182741,0.622557246435555
tour_idk3s3sgcv,0.3683198282091938,0.20886631846047995,0.0027406355700965532,0.062161014385092646,0.021811389891588515,0.3361008134835484
tour_idz33d41ks,0.04173072081694585,0.013658122837955542,3.463374424823795e-05,0.12120261639402156,0.1662001543596301,0.6571737518471986
tour_idl0ttjrmc,0.10026946977075016,0.234786835446796,0.005114056914060652,0.01138572992713533,0.20224388658254974,0.4462000213587082
tour_idu5k69z9i,0.26443967190790246,0.25185386727992465,0.06791066729043528,0.020389713261984625,0.244056459355845,0.15134962090390816
tour_idf66smscv,0.020920454096886126,0.01590009877317305,3.660580813842707e-05,0.2993684576013797,0.29324783088276707,0.3705265528376557
tour_idur0p7exw,0.7054303217703908,0.20837999875107768,0.0036457676423950008,0.006482833234315386,0.004462517612462556,0.0715985609893586
tour_idjsiq8h6o,0.20489609225447664,0.11651491573399775,0.006095501421387872,0.018029239456567463,0.08054024970847153,0.5739240014250988
tour_idh2992qz6,0.08920716099877196,0.785756991470353,0.05416405088185594,0.0015602418185417881,0.008221703547265155,0.06108985128321206
tour_idzmu73uvr,0.06517277736369259,0.08035731745178963,0.00013581704565741195,0.09684850123758422,0.17447108422263385,0.5830145026786423
tour_idbsd6a9fg,0.2118686010532321,0.07013111371838225,0.0005057254903171966,0.051301905825544745,0.02937832404131214,0.6368143298712114
tour_id4cj9lep8,0.22950236187704415,0.46190308954417836,0.12295298229665122,0.004222482024958127,0.019457552519618695,0.16196153173754946
tour_idd18a2stl,0.2144851839753193,0.6682075395592205,0.0014757301839961794,0.0030204305771016275,0.022839567250023108,0.08997154845433905
tour_idjrqlybhn,0.17536961031298692,0.060453747964317,0.00097667169676048,0.007369519368323867,0.09228919005831207,0.6635412605992996
tour_idxmfwoy4j,0.18444282097016979,0.715711808576625,0.025416738935506947,0.013756600055947431,0.007239063711554368,0.05343296775019663
tour_idafio0e6r,0.22030538960115056,0.649097885119526,0.00797198404117783,0.00809545903181597,0.009822603994184845,0.10470667821214469
tour_idwd2vbr79,0.13905595919959393,0.04877336575119352,4.468312281979887e-05,0.14763069299862552,0.09526285294146077,0.5692324459863065
tour_idtxmv1vn8,0.05118822736527774,0.012347839565294056,5.3073414632555454e-05,0.2788391481339839,0.10714979058616549,0.5504219209346463
tour_id55m6ye74,0.23411131263009466,0.04973953229101482,0.00015270918507862075,0.05858331787115011,0.045733476409995664,0.6116796516126661
tour_idrjo6d6m0,0.448278744031208,0.39893469433536244,0.0009851167722843039,0.006142333417744379,0.010994705312935633,0.13466440613046532
tour_id7vxwd2qi,0.6632566992208262,0.09292168398422615,0.0004270087799028966,0.0400567710400291,0.00865921371188631,0.1946786232631295
tour_id2lx80ftk,0.1543388160657672,0.10231595045566338,5.247141805231672e-05,0.06678429421565893,0.1168758848082609,0.5596325830365972
tour_idys87o0ds,0.4831002939183872,0.07443113555952059,0.0006558292609722061,0.008734139996101812,0.008215443868122016,0.424863157396896
tour_id1fy4lusi,0.6437258577497226,0.2142998917796785,0.0062767680506240755,0.00957179252930114,0.008824503355426512,0.11730118653524721
tour_iduw6503kx,0.09368351088838475,0.032028133721109256,5.787978805699184e-05,0.15551551961685156,0.062431406964557984,0.6562835490210395
tour_idu1kt91ev,0.0818302032847134,0.018955020584175156,2.3328284343650768e-05,0.0914481816876143,0.14683060163887332,0.6609126645202802
tour_id53o0z6dv,0.6303904325520922,0.09574220951807234,0.007478029422445703,0.034577326067315166,0.013397815434541778,0.2184141870055328
tour_idz6rfgk6y,0.30390307443839515,0.20772522964068066,0.0003540771121043667,0.014473776831171676,0.008737652492874058,0.46480618948477415
tour_iddt68t83y,0.018288673922355055,0.004956103040166282,2.713976578104398e-05,0.38209716731433135,0.2329681421909111,0.3616627737664553
tour_idb6b9fe7o,0.15867652271317179,0.015806241915824245,0.00010338380187750161,0.11331594523905186,0.0384006038855984,0.6736973024444762
tour_idgiofw9gq,0.4433444315997859,0.41554934732764826,0.006475432641275946,0.006626259466631319,0.009667294426458143,0.11833723453820041
tour_idlaknkcn4,0.513879817607264,0.24282161785446996,0.0037429015908090296,0.015332689505909918,0.028469845926179217,0.19575312751536783
tour_id3tjp864r,0.2863641499626622,0.04009582851690583,0.00021501869062246612,0.03787451142641773,0.06253196703509754,0.5729185243682942
tour_idy76hhahh,0.3059844218217322,0.3755325414035416,0.08925357041384106,0.006030680966145324,0.010245634320495274,0.21295315107424442
tour_idufgz5k4v,0.389587148060828,0.0853993426854367,0.0026939463116284696,0.03258673270656609,0.04378254630512662,0.4459502839304141
tour_idt79f2xgp,0.22000472283516317,0.1688786015955333,7.009657408147382e-05,0.14045466472724072,0.046306396939836056,0.42428551732814535
tour_idrpkhu48l,0.4678316224879775,0.10639036935113451,0.0036336415175523885,0.04243934964563148,0.013717298629065471,0.3659877183686387
tour_iddskibken,0.27162005599667993,0.21621953339163938,0.00016948799753346052,0.03798034542112938,0.01564807737971543,0.4583624998133025
tour_id0yne0qoz,0.01914829186546765,0.009109976784216814,2.032443769800232e-05,0.4349297884571306,0.21020887942876643,0.3265827390267206
tour_idswphik77,0.23544122553077368,0.4168869325982496,0.27275168420276225,0.03130060105077597,0.010296193151372096,0.033323363466066444
tour_idqq5ggah5,0.07412828443527152,0.8938133819293117,0.011056722879799074,0.0015576955441696898,0.005548744898738866,0.013895170312709149
tour_idu5zt4ri7,0.2379737297496503,0.1921149932191417,0.001361890178174115,0.03141974244693344,0.0603170849610334,0.4768125594450672
tour_idvya147vx,0.06855425613058122,0.721194931096177,0.18339244493848297,0.0009928383512665666,0.003924832764665896,0.021940696718826383
tour_idrpntkknt,0.4671122576331183,0.3398942340229158,0.025422810045278833,0.016380287096590753,0.010416584485718364,0.14077382671637784
tour_idraeuhzn4,0.044154513212348374,0.019226307468563554,2.248963466156518e-05,0.16839355026110853,0.09002318058357171,0.6781799588397464
tour_id9j5ntupu,0.44647089573913984,0.3738853078153119,0.04057544676701104,0.011409884807327814,0.01198691568310231,0.115671549188107
tour_idzh5y8x5s,0.059752991024525554,0.012653958038277988,4.14812852302342e-05,0.09612444573333948,0.16035111436318722,0.6710760095554396
tour_idml3wpa4x,0.12165880272033464,0.7692540534769333,0.062298113289592165,0.003179402572123888,0.009463212867077221,0.034146415073938806
tour_idb5wwneht,0.13073099453649564,0.7170643410886292,0.09249203843473011,0.005199947210445149,0.013778540407929793,0.04073413832177018
tour_id6j0d5sc0,0.34098577375882755,0.1738040173250304,0.000841785493473843,0.010387896082949717,0.04485410708931995,0.4291264202503986
tour_id8jaxzf3i,0.2532035360745682,0.05908722025889449,0.0003296958549429799,0.07322341108373961,0.042415359937772144,0.5717407767900826
tour_idqtljd0wy,0.5936679423779596,0.07156958424240802,0.003922102789970226,0.007604456188974824,0.020951605776964543,0.30228430862372285
tour_id4rq5gax5,0.11683966046146764,0.06401346669806009,9.41993254086172e-05,0.06232972079780888,0.21751636083134507,0.5392065918859096
tour_id220owjdl,0.19230390816489132,0.5511787706694942,0.00858177943043774,0.023294390571348435,0.013211362572675647,0.2114297885911526
tour_idifc5uhep,0.010483830056313552,0.004060602271854629,2.6440184033613877e-05,0.305612858735055,0.5309919570412946,0.14882431171144855
tour_idquwcxoqm,0.6888051634037192,0.18443216356394349,0.001422771640173074,0.01592321895317092,0.008656315006678066,0.10076036743231533
tour_id5dtj3tq9,0.28848896742849967,0.5156742191044938,0.013240533064067726,0.0071844408243245325,0.03370604242905879,0.14170579714955542
tour_id7y6t2y1a,0.035863045969594436,0.0065111461118123205,4.1370297819662546e-05,0.25331196333495165,0.28404236681773204,0.42023010746808986
tour_id7afyqg3c,0.22925920956085405,0.07291765179239422,0.0002529334085430965,0.02652471852960739,0.06029984929933135,0.6107456374092699
tour_idkrwfvqny,0.1824478932401574,0.07181578209429873,0.0001429171620854121,0.050335134958043544,0.02526302919148221,0.6699952433539327
tour_idsab6ci0z,0.2526007071122755,0.05640333156909617,0.00024844781518788974,0.02030737394662394,0.0114249910899942,0.6590151484668223
tour_idtbcgl3ok,0.01742768830930576,0.006883222685671421,4.168326753158072e-05,0.3509367382676741,0.08766485879050596,0.5370458086793112
tour_idb29m1zc9,0.02957988925603407,0.008591862194314823,3.0084585598484846e-05,0.2720217835646154,0.3702047083574527,0.3195716720419845
tour_idg37cnny5,0.19242343463758127,0.3443330827849452,0.0006119622045092214,0.009944663653412119,0.02247293573110022,0.43021392098845196
tour_idyivzhi1g,0.05132783609264208,0.025637556997333423,5.574894983590172e-05,0.0907714226938546,0.13021903840510127,0.7019883968612327
tour_idys6jeerv,0.16343542518807438,0.2405823324472969,0.012404880888745692,0.039617982126492486,0.07397169583747967,0.4699876835119108
tour_idf2bhsuv9,0.027479621954365208,0.015154633321908141,3.818095192037655e-05,0.2531273474619552,0.10634872441210087,0.5978514918977501
tour_idkslkxm6c,0.01987630983879355,0.004549425791792254,2.265700292809069e-05,0.24121036437568488,0.5205625658753233,0.21377867711547788
tour_idinanh2ib,0.08600607643797761,0.6225917394735379,0.26994095379326455,0.0018910366435668095,0.004954060426703708,0.01461613322494943
tour_idfbvkrd52,0.22205176141710103,0.20688041835577012,0.00030809917941812255,0.19163467614038696,0.03724145290173606,0.34188359200558777
tour_idorlcjtl0,0.4829451646602256,0.40728869935466877,0.0028051569502577224,0.01606157050833477,0.010151527177097932,0.08074788134941523
tour_id1rsu7v9u,0.27430765614286795,0.46860254171358917,0.0012987130521125295,0.00825503351630056,0.035531089157793475,0.21200496641733627
tour_id6syl4xea,0.0439155818881154,0.015342402087188706,0.00010267552083515319,0.15423042465864975,0.14965063492496994,0.636758280920241
tour_idw350rwr6,0.01937994621486622,0.007498528404969333,3.5170949373977704e-05,0.2203043789450552,0.3570100222885454,0.39577195319718994
tour_iddlvfw74p,0.16854225124264885,0.10742205941778268,0.00045288858078659355,0.033745535457479235,0.031845457880623644,0.6579918074206791
tour_id19ga2seg,0.013212542768378592,0.0033284436927733044,1.6651062684292107e-05,0.23353657102928294,0.5936678388394043,0.1562379526074766
tour_idt4nh14t3,0.02119650333079684,0.008978443056653504,3.196185119462563e-05,0.2887743429313623,0.1244755682115609,0.5565431806184319
tour_idivophlfk,0.08671320412550083,0.021451526421532554,0.00010545014718425979,0.04501558747514983,0.012801413610953527,0.833912818219679
tour_idn3oclcev,0.3071078092113576,0.07700850282049536,0.0022419352974607657,0.014734105070002822,0.028626471159000192,0.5702811764416833
tour_idqsq7b1wj,0.3588437008802085,0.08045936559043826,0.00019658498520770163,0.05433021477746399,0.02964009242769107,0.4765300413389905
tour_iddi4frevq,0.15123947541671434,0.06459233928793337,0.00012603487755974156,0.049516594449010604,0.020440438836736238,0.7140851171320457
tour_idsd6yvwdu,0.4605168690158146,0.465771153414953,0.0025329283827798085,0.0027272801538164785,0.004981772286139376,0.06346999674649681
