Tour_ID,High Cost,Higher Cost,Highest Cost,Low Cost,Lower Cost,Normal Cost
tour_idynufedne,0.10798580596788532,0.04257386119577121,0.001923673865836817,0.0645262721168178,0.03218264243510474,0.7508077444185841
tour_id9r3y5moe,0.20789294381553608,0.616842021448331,0.04436456440244814,0.01150055954664736,0.020909858880099372,0.09849005190693783
tour_idf6itml6g,0.7095493383717545,0.1593395260328721,0.007196293162140539,0.008027654488807191,0.0053185407459196195,0.11056864719850633
tour_id99u4znru,0.03487954731778107,0.009869273777012686,0.0009503999516503034,0.2653315657476099,0.2303417480239713,0.4586274651819747
tour_idj4i9urbx,0.01828043926844072,0.006472864802195491,0.00027090404014329893,0.2786932615402685,0.34172515049871466,0.3545573798502372
tour_ids94pi2qs,0.025303811965324132,0.006272157988830148,0.00042182524133775487,0.12943688922731783,0.5556612506107756,0.28290406496641435
tour_id9xx2dq4e,0.1561361754208275,0.8027475945312589,0.005992955963318616,0.0035836070081703693,0.003602891369421341,0.0279367757070032
tour_id9q7cbwf5,0.015542832350293282,0.004278019951218736,0.0002066268366397417,0.28653948855705624,0.3701609417524285,0.32327209055236356
tour_id28uzu8li,0.25857855440796546,0.5116791336528796,0.01939991118240852,0.024454824157633927,0.029461945041867287,0.15642563155724515
tour_idf7lvpips,0.03885866725232617,0.01826681910954354,0.0008203265115919094,0.25479831482222676,0.29877957951843576,0.3884762927858758
tour_id69abaq9f,0.2489822354087985,0.4044867448561124,0.0346936638208806,0.05407550559867652,0.022598693144671306,0.23516315717086078
tour_id20ne7vgg,0.006678257458345376,0.0025389039434281302,0.00024608935590633675,0.28098198072730873,0.5232392348279552,0.1863155336870562
tour_ida99j69n7,0.1702723706700684,0.7498615926499207,0.026534422105845685,0.004178011828686506,0.005453486089767995,0.043700116655710754
tour_idzwulen6z,0.006083281126319344,0.0017179601874887883,0.0002600701570878091,0.08678496090937138,0.8451487889524791,0.060004938667253566
tour_id82x4wwmo,0.30650069031589383,0.4860267418371596,0.005818983330667883,0.02722393995302464,0.029879455467028256,0.14455018909622577
tour_idlhvaq2mf,0.167768213799545,0.030825312100500303,0.000808325162770434,0.07900812656858254,0.053766561642556956,0.6678234607260448
tour_id8t7kqb9n,0.6393758437287149,0.24340438651203736,0.00994932136481182,0.007970679849708567,0.006378480266862694,0.09292128827786467
tour_idrn7vpcu5,0.021233280292195015,0.005690706397615703,0.0005376268944968094,0.258749242299031,0.24496564485672595,0.4688234992599356
tour_idqk4wakw3,0.2027238334595122,0.7142144808467658,0.022613666974446427,0.00471717219871024,0.005630877440922664,0.05009996907964279
tour_id6fa1ag4g,0.21728859541956275,0.15093928352891514,0.003075079744264749,0.06624396490480766,0.03507324581963472,0.527379830582815
tour_id8yxycz3h,0.1327113500641062,0.036410038976829665,0.0006069370458779183,0.17218289695034172,0.10697416124607603,0.5511146157167685
tour_idq3khwer6,0.05449763378869122,0.010876743128696464,0.0004685194599905382,0.18754215392653537,0.13796413940398455,0.6086508102921019
tour_idhgharflp,0.20443382653762815,0.05749631552567579,0.0011600868776586147,0.06414401624538868,0.025825513539108898,0.6469402412745399
tour_idqjzzhcvz,0.23199030836454473,0.5895349103388722,0.0522831759640232,0.014504043060229177,0.020341066127335643,0.09134649614499507
tour_id0l0xaktp,0.06455354967569234,0.018922333896824937,0.0014249063827301487,0.1652421163558304,0.07034553907737726,0.679511554611545
tour_idbg22qq89,0.12339134921928027,0.023508845268564674,0.0006029890953879485,0.09127120315022628,0.06729574587735322,0.6939298673891876
tour_idwkhfwtqp,0.5899467345484695,0.31682741402216374,0.0034296521162492924,0.006936271853283446,0.004772804973644802,0.07808712248618932
tour_id34dyvoyk,0.13134707540258875,0.036784277554159306,0.0012050118960774449,0.14090636502014722,0.08642325514839189,0.6033340149786354
tour_id5cfn85zh,0.2361886373819812,0.0762479206084519,0.0022261766475527986,0.06101590883912655,0.028296456255161497,0.596024900267726
tour_id84rchmqs,0.018928298908954318,0.008889011022102072,0.0009298382749397151,0.28844059709683767,0.3365464359454248,0.34626581875174145
tour_idjh4cjj2x,0.09627714086159528,0.019018232546774344,0.00043391028716952587,0.17466262787763354,0.12149864249967794,0.5881094459271494
tour_idzy1dc1xm,0.2501888473679083,0.45790760632104965,0.013716040769011093,0.026892846272213784,0.03454813940454215,0.2167465198652749
tour_id80j7qu6z,0.2055370814828704,0.06114277216207448,0.004248583803203406,0.0980149948589613,0.07080512224824126,0.5602514454446492
tour_iddtkykn6k,0.024850000160379918,0.007290973139408223,0.0006380487115055871,0.20801449910502892,0.5093596815778508,0.24984679730582654
tour_idg04qytor,0.21888869372419156,0.6523961910572295,0.0466213723251486,0.00623101392736094,0.009170029854429978,0.06669269911163953
tour_idv9sccb8o,0.461439448959643,0.27535968520396253,0.0038522751664667684,0.019999016982749366,0.019457382504552333,0.219892191182626
tour_idfstvxwpt,0.2442640223913043,0.6036889783203644,0.007707449345751886,0.014424191219795846,0.013392903138235485,0.11652245558454825
tour_idw8zh4idj,0.2893161166220102,0.44579877668014367,0.0704125703117873,0.014821747831962984,0.02380898851831132,0.15584180003578463
tour_idri1bxxwf,0.11924801596717534,0.02807584822791045,0.000656603048033273,0.1646411253685965,0.11367152511761083,0.5737068822706736
tour_id9jns3l59,0.10849293428117279,0.7202531734306364,0.09612291631269237,0.008176873833523194,0.01131371607759558,0.055640386064379606
tour_idykz7qmpj,0.21000598099906626,0.14291142048738226,0.004879254177410377,0.06941241695237362,0.07552606994858774,0.4972648574351796
tour_idff7h0lmy,0.3793344894411537,0.39339527818618064,0.006252748117482943,0.03172675461852466,0.039037327637649645,0.15025340199900852
tour_idjhminmzn,0.6438563369394753,0.23412474631368765,0.010242805245235785,0.007524025405376066,0.005448895816056954,0.0988031902801682
tour_idiihytata,0.08553649215381115,0.8009483886050126,0.08425500588960229,0.00211639212748887,0.0033049053735303415,0.023838815850554824
tour_idp48ka6jb,0.1545027642063764,0.49170020057177194,0.11221351469053174,0.010462268956636003,0.019406943016366685,0.21171430855831727
tour_idthc6m7sk,0.2685688347729214,0.5704895546459292,0.014728137862695735,0.012842771237491332,0.015899797326415055,0.11747090415454722
tour_idikm37slu,0.31490982260262207,0.5631833961051496,0.02437281919884355,0.010783683794756506,0.009347502605964958,0.07740277569266327
tour_idvay0ce8g,0.009657534934403262,0.0026878841483688504,0.00020191538856289214,0.26275973876827546,0.5057133012790697,0.21897962548131994
tour_idljettp5j,0.007550160379648719,0.0022481775953316673,0.00019880904966559996,0.2874299731217153,0.504322196941276,0.19825068291236272
tour_id6b75m18g,0.009855402208066664,0.0028283237935892943,0.00024660854987218895,0.2677987747864258,0.5275118249827073,0.19175906567933867
tour_idh1qz4kip,0.37139471035389104,0.3068839148086591,0.012759442675667827,0.03501402184231103,0.025808816803343296,0.24813909351612773
tour_idct1mds8n,0.38276539005781574,0.5164787181155153,0.016114041641426307,0.00755839126822865,0.006948974111523587,0.07013448480549049
tour_idmdkapl5e,0.4241174977211463,0.4295116067877569,0.032439819501182285,0.011904275981079262,0.008610360881241206,0.09341643912759415
tour_idtxl27kyw,0.11280702284622496,0.03280532958453452,0.0018751239407986146,0.13512829180701408,0.10380727963184878,0.613576952189579
tour_id3f5s1s8k,0.20004309508911083,0.6514789278853265,0.033131640540317635,0.008662476539807678,0.01635314553404896,0.09033071441138851
tour_idmy8ugm33,0.18492566512294809,0.751690303959206,0.01757783803662385,0.0035039620928826853,0.004046761649969568,0.03825546913836976
tour_id15xhujqe,0.10359214247443888,0.7890144111014548,0.04697070924293341,0.004164183146231227,0.005807744198448317,0.050450809836493395
tour_idnvjzjzis,0.026704439281562017,0.008759188758835626,0.0005095431364802929,0.26204339878632055,0.2774244888077479,0.42455894122905363
tour_idicgj22ml,0.11586783856161678,0.8106954648961262,0.02975974026893007,0.003983752361275611,0.0046408738041322,0.03505233010791924
tour_ideq6kef16,0.2016084603388224,0.6756972721765488,0.03382621177625192,0.010681336292089682,0.014975098608819092,0.06321162080746819
tour_idm3ru5o69,0.2307072471031273,0.6100692641429039,0.04767906054904047,0.010034148546569449,0.010729193758485665,0.09078108589987333
tour_idtjnibi1v,0.01496287201043399,0.00460141908457157,0.0002797250047961729,0.2607365948320017,0.4245601514263105,0.29485923764188604
tour_id9mqg4jpi,0.6328070062598125,0.19344470904937594,0.005025953492943913,0.014507403352985749,0.011728298384149669,0.14248662946073232
tour_id6qtlrlj0,0.17843303484819825,0.06032136782605952,0.0011730605647703566,0.061776286103144236,0.022397002600066718,0.6758992480577609
tour_id7quxawwm,0.4679212164409432,0.1768872329313685,0.004458367832845421,0.024419962013964625,0.014704245772835032,0.3116089750080432
tour_id37beg9uz,0.3795096329011179,0.40877575774681413,0.015314435455625235,0.010407104480917143,0.018388473720320715,0.16760459569520497
tour_idmul4fjnn,0.09026864336109591,0.016191614940249514,0.0004580524508525931,0.1914972829982331,0.13059459323203212,0.5709898130175368
tour_idotkse0oz,0.32290923968683805,0.40754098294837937,0.01519410422345339,0.02508024499103666,0.022539128535665854,0.20673629961462678
tour_idctl4gkkk,0.382488619087994,0.4322138669768831,0.022634492027028007,0.017315849176512226,0.010863421547239077,0.1344837511843436
tour_idkzhlxsk5,0.30011501960515324,0.5115452606168543,0.029429649081378885,0.01085386449527144,0.014024437747915699,0.13403176845342638
tour_idt8nbpyzu,0.17670113184026096,0.1317030968765984,0.010234828248099572,0.14308421219534045,0.12086524540439664,0.41741148543530404
tour_idlvf31ik8,0.45151797193412707,0.29713299404299887,0.003112919813313591,0.020305874825853956,0.010727610233689532,0.21720262915001712
tour_idbgqv7ifs,0.033143600542779754,0.01196963382146601,0.0007358718819456772,0.2778460788337215,0.29509800659558627,0.38120680832450077
tour_id0prergei,0.010191269954229913,0.0029855898428171176,0.00023301987636718517,0.2516090097449521,0.5133088894078072,0.22167222117382643
tour_idj7tc65fn,0.23144320035116,0.07411980399394748,0.003662892799311035,0.09008349922866345,0.06254986931465895,0.5381407343122591
tour_idm1x1vxbw,0.007534583627818982,0.0031503394610091838,0.00021070870612465947,0.3046606268628032,0.49050304974652104,0.19394069159572286
tour_id21v0cxt1,0.3400366798144728,0.3331139343888898,0.01665398648905476,0.013487111806214109,0.02202522311349394,0.2746830643878745
tour_id1mcdpog2,0.08718769291037562,0.02264424516663011,0.0008132336522334634,0.09686128100488056,0.06947903062061567,0.7230145166452646
tour_idhqzs2gq8,0.04025970188173922,0.02252104542848367,0.0008490501800139116,0.24449044142303067,0.3131476561156799,0.37873210497105264
tour_idbjvcvpse,0.029725063652771118,0.006556942737155053,0.0004234393067195266,0.26170805123470003,0.295839364453533,0.40574713861512124
tour_idqmtjec5c,0.20201392118866499,0.04604728593060706,0.005496368278567338,0.04821885753220377,0.0728531314380963,0.6253704356318606
tour_idjylqwsbx,0.3223648210476253,0.49470436217456076,0.018937883419163363,0.008975592496268375,0.0126339733827192,0.14238336747966313
tour_id59lpui19,0.027649714819424447,0.013979947058369297,0.0005583118153678927,0.24219214467978048,0.41936495892691966,0.29625492270013826
tour_idfcuq5wgy,0.07982502529560422,0.02696077426752264,0.002811521508005085,0.06044618332259359,0.16837233329201068,0.6615841623142638
tour_id7pyzqpkw,0.1330551033284551,0.7422162933129608,0.05354117199802264,0.005619379052162375,0.013291154298746785,0.05227689800965234
tour_ideb9lf8br,0.3368865519558292,0.5090796543154738,0.01945599363015612,0.012902089355482746,0.007000175654284748,0.11467553508877334
tour_idzogf5dwk,0.22136252931410244,0.12353103080362123,0.006493986402812515,0.06568832939867995,0.03220857891489904,0.550715545165885
tour_id41mnpgqc,0.11839021240323161,0.7688038328897044,0.05999738656349528,0.006213231253387966,0.006121010199966407,0.04047432669021418
tour_idmwyzw189,0.032155583945247326,0.01720831610469984,0.0012603877619673206,0.24448245792355516,0.33647529596845477,0.3684179582960756
tour_idtjumeoc1,0.4058579680763129,0.3926911540608686,0.01983039394111662,0.011546215228517712,0.016110976087352603,0.15396329260583155
tour_idtncu3vvj,0.09155296627430433,0.029899633604461188,0.0012665427078738865,0.16364710971003488,0.15805751141891924,0.5555762362844064
tour_idzcavo88u,0.009465600536805016,0.0029050698328051752,0.0002556009335556446,0.14756661085474235,0.7340002497988729,0.10580686804321904
tour_idkot0odg6,0.0322242245905464,0.015674249246976187,0.0006785030787072983,0.27277243271985324,0.2969350636568355,0.3817155267070814
tour_id8z19zqq4,0.10999727761600925,0.8275942366276451,0.028217743649466387,0.0024521941301214895,0.0038211016406774234,0.02791744633608038
tour_idm10lb8m7,0.1542428049914481,0.055813143718538294,0.006867679025255122,0.09300356740300354,0.1429291107146295,0.5471436941471255
tour_idr3vd82x6,0.587632621200714,0.29866201772733353,0.014111277839433724,0.006504590540281269,0.006368322678039075,0.08672117001419838
tour_iduzdp7vc3,0.28047596885371745,0.526764814059614,0.034637473239337184,0.010211796287844212,0.01247604842714267,0.13543389913234458
tour_id095wm8uu,0.20552547523607015,0.0910017794624346,0.0018247725501113119,0.040341560741931605,0.017385557733743305,0.643920854275709
tour_idfr76spf4,0.6100983338618992,0.16251356730572863,0.005785293019433992,0.009214618191107807,0.013623353994346837,0.19876483362748354
tour_idjs9dcswi,0.45168959506982825,0.4414920089905718,0.006528556882277049,0.010405196594542497,0.006299985683195532,0.0835846567795849
tour_idz34rclqa,0.275271111988745,0.24419564740054336,0.005938719425070618,0.026148901551320915,0.01557583113426233,0.43286978850005786
tour_id68ja64qt,0.2714779491248712,0.09838399086408786,0.00586055289094537,0.05730930070480096,0.02339218230321129,0.5435760241120833
tour_idxac2uuqv,0.004954099713275159,0.001371920997215057,0.00013357099898070543,0.12545854371122175,0.7939238749055311,0.07415798967377615
tour_idf8oqfnlm,0.13764134807876682,0.05965515278046262,0.0019304024519316391,0.1449525182296021,0.1768580645825723,0.4789625138766645
tour_idvunzjwfc,0.20850103287488952,0.6528270646389952,0.022298367510362398,0.011100704710633895,0.014876457325874224,0.09039637293924462
tour_idw21ciy88,0.12563254538098562,0.8005084097788114,0.020516024062447243,0.004366594180392823,0.007015049817496207,0.041961376779866555
tour_idh9xqxr96,0.07513457427774232,0.02677396930840956,0.0025190143461490994,0.15065686610465004,0.13753935452604513,0.6073762214370039
tour_idxverh9fy,0.007245160128462767,0.0017467823093599833,0.00012887398924454478,0.08964800003780386,0.8312104785002108,0.07002070503491802
tour_idokj8jc82,0.38692186907436094,0.14795718564400753,0.0032355719851736298,0.026786829133682168,0.011834086362375653,0.4232644578004001
tour_id7nzgco3n,0.3846012159920369,0.4609842856052486,0.014523067841766718,0.011514044737320909,0.012015754871936063,0.11636163095169073
tour_idssevzcvv,0.16254567105253323,0.03990320554829697,0.001948438614846155,0.08009312003790951,0.06484952454799701,0.6506600401984173
tour_idpl6n18rb,0.005129191177660884,0.0014772996291513652,0.00012294443586651255,0.12823997962543704,0.7673048956883555,0.09772568944352866
tour_id00ickkxa,0.031642953622990855,0.008150313065229953,0.0006430951851362579,0.2625344370597637,0.22675049324011515,0.4702787078267641
tour_idtc8elj66,0.22068363208679428,0.6647274930937339,0.036831469350621336,0.0049232359866348135,0.009979110340552448,0.06285505914166309
tour_id9jslxdlc,0.14579620436867272,0.7792192883192826,0.01699435487753014,0.005044865434513577,0.007001208861249901,0.04594407813875112
tour_id7l1tqq3l,0.1051029752465603,0.8074371329905736,0.04176367409087337,0.0031585085356249255,0.0066274226559784755,0.035910286480389325
tour_idarhine53,0.14127760398737968,0.7491179697364146,0.031926639969366934,0.007260290730672106,0.010841056091691668,0.059576439484474865
tour_id1ssjmgtf,0.015067614162829994,0.0033086096039460482,0.0005375949793955662,0.2638792968128639,0.5003166766672202,0.21689020777374435
tour_idcjzpvsbd,0.2794586862243934,0.06801090976504398,0.005486101347794425,0.03529927422578402,0.04666317305661577,0.5650818553803683
tour_idp53f6fg8,0.012056415895349485,0.0025600307827473466,0.0002891030918622551,0.24964554669815678,0.5252748385225492,0.21017406500933497
tour_idrgw9c70j,0.392652878180453,0.33444944558989054,0.007328853461538192,0.023708222293693626,0.022191510317003116,0.2196690901574214
tour_idlx2jlzs3,0.29098594707316744,0.04182301999911727,0.0010116566256109104,0.04324327949143311,0.017663620145442347,0.605272476665229
tour_idjateimuw,0.7056428878383145,0.1527613773092799,0.006714653268511208,0.00934964803152864,0.005823962392314347,0.11970747116005123
tour_idof6v2a2t,0.05749810549016348,0.020659235716169608,0.0007916512166925626,0.2249458804581834,0.33751619282335465,0.35858893429543626
tour_idbphqzwq0,0.321510712048865,0.5117380137996265,0.014829381818848025,0.008853695286055856,0.00871501418059081,0.13435318286601394
tour_idnju0d13b,0.4345803654216526,0.43019312576128044,0.030427812253690203,0.008712547928984798,0.00656432883415285,0.08952181980023913
tour_idbtqabgv8,0.2701624770447583,0.2002209438762233,0.005764886209544182,0.03089238260846797,0.02543037774082855,0.46752893252017774
tour_idkzy90idc,0.2311463110069412,0.4810683637332476,0.04079873218104985,0.024802348434825712,0.03226469572200309,0.1899195489219325
tour_idybhcrip4,0.3092038229306657,0.5738426683399164,0.008176866988531468,0.010278824068766417,0.005503478592705725,0.09299433907941432
tour_idgo26zwiw,0.07088366235101377,0.7749461580936473,0.13441301000769174,0.0019575454204855992,0.003730806353517197,0.014068817773644387
tour_id6yuxzmbk,0.17196149907363126,0.7215626238092463,0.04924010284022084,0.004417034847484585,0.006423556944227672,0.04639518248518946
tour_idxl466y8a,0.21268877745797943,0.06145888666461007,0.0036010955738777313,0.06710433583270137,0.030113841275119162,0.6250330631957123
tour_idx73vs98v,0.166571453948654,0.7037459182639909,0.045963794479565695,0.008191703509732437,0.010308874076751778,0.06521825572130513
tour_id3r9btjk4,0.05939771300590882,0.02369367045729896,0.0015449649323954553,0.18010087460999716,0.15512735617903195,0.5801354208153677
tour_idhgq4urqb,0.17587552231163098,0.7088862544806095,0.014369590843437264,0.009778284054236506,0.012997203871436101,0.07809314443864962
tour_idurejxr5g,0.7171218572554588,0.14954052392124464,0.005295606641745387,0.00701425174957286,0.0055922372843149075,0.11543552314766345
tour_id8hmm45yg,0.19389792550866847,0.7095396899782703,0.038758255352894656,0.003887326452096739,0.007396256491371816,0.04652054621669785
tour_id18jsnowr,0.2638273277820967,0.14563103244113426,0.007361601618673896,0.05229529010202963,0.04130598663630862,0.4895787614197568
tour_idgs3jbjvb,0.2790476020310744,0.15875259193113048,0.0027542682716197647,0.041419531552128276,0.02206417294925906,0.495961833264788
tour_idikwsynra,0.07866973855050907,0.014930655013263941,0.0007526394941446272,0.14163099749957672,0.05678232787289198,0.7072336415696138
tour_idxexxrypa,0.0977662088163041,0.023543617696172088,0.0019707433326923342,0.06769035435978502,0.08513385285239952,0.723895222942647
tour_id4vle4re3,0.2634828268164583,0.5727327589352508,0.03494744905644553,0.010377574224255271,0.015354014573255104,0.10310537639433502
tour_id4ktjhmd1,0.4389356788845372,0.3118145392258497,0.006625614270264348,0.025560571059375533,0.011657424264223877,0.2054061722957494
tour_id51l3gvnj,0.21088093994972268,0.6779422483947749,0.02640675201509713,0.007838984866117329,0.007986013712213377,0.0689450610620747
tour_id8pp1z0qj,0.16644845090518792,0.053068142090447974,0.002076690019130873,0.10214928720914036,0.09970180328611883,0.576555626489974
tour_id60ehhnp2,0.16331175404934584,0.6579978333754765,0.10440121429911911,0.0066984211578315425,0.012315978456636177,0.0552747986615908
tour_idpxt0agk9,0.29359638706657076,0.5029900302864102,0.03485536436103737,0.013236428393365344,0.014469471955027565,0.1408523179375887
tour_id8zqbxmj5,0.26020836884148196,0.5143738661086243,0.022084987952427738,0.01580365307698537,0.021848096523690196,0.1656810274967902
tour_idp5ukjn9m,0.0016642540564623745,0.000347666765069923,6.0965341752955515e-05,0.056070113378900624,0.9211524670454482,0.02070453341236602
tour_idu7oecbie,0.00407667783582235,0.00101381901250961,8.685787901006414e-05,0.10771523991882037,0.8277972049987538,0.05931020035508388
tour_id1dr9cikr,0.11575792019616712,0.8231253229997743,0.03212378192682087,0.0019155714140940375,0.0035807804655407336,0.02349662299760318
tour_id0r3qxbif,0.15639462683539587,0.046103311715608865,0.0012743513600527168,0.07948089586684368,0.058765992873263645,0.6579808213488353
tour_idnox2sywq,0.17395628725460685,0.7068291707803926,0.034867847355423136,0.008306443359247908,0.00983307759195473,0.06620717365837463
tour_idy1jgkshd,0.0034873340330989306,0.0008350538812744548,8.049016405818789e-05,0.0722790368521538,0.8833767867926254,0.039941298276789085
tour_idgww40skh,0.4550895977292533,0.45427275646880216,0.0068324110472607336,0.007013909357063517,0.0035469045675297958,0.07324442083009042
tour_ida8jpbqln,0.23183001706617654,0.5882254648415509,0.05004692815431261,0.009517762906047292,0.013073143865356868,0.10730668316655573
tour_idhyrqzusv,0.11235537476283326,0.03056967889721305,0.0008661253573640763,0.12464338812800042,0.04307081769579681,0.6884946151587923
tour_idhad98cqz,0.35651808008084523,0.4678950972193055,0.016088051673304488,0.016640768359480567,0.022219354778892187,0.12063864788817195
tour_idmwm72g00,0.706810067010431,0.1692386580412334,0.0069830330052849995,0.007456984331007818,0.007104854980744779,0.10240640263129806
tour_idvwseyhh5,0.1027659827515755,0.7953370709282038,0.06510457921654662,0.0032311343546085635,0.004139760923612019,0.029421471825453568
tour_idgcf1yvij,0.011478864904068416,0.0031627725358086933,0.0003707905412901252,0.3478510458376728,0.3760562448959898,0.2610802812851701
tour_id3rxtrcif,0.06116339746669853,0.8318645490347939,0.08013869833040271,0.0021815836523885503,0.0033060872893736614,0.021345684226342743
tour_idy8ljrftg,0.45597374936363866,0.3433545527831154,0.0067201514354778245,0.017004811481533766,0.017191424384431525,0.1597553105518029
tour_idnp3tf107,0.0874733488707073,0.018533663287668947,0.0007596469592449029,0.14194217609262788,0.10755000997203192,0.643741154817719
tour_id6flbqbca,0.15619388877973395,0.05898121823443752,0.0019370401286189086,0.07777581355680709,0.05646700890107162,0.648645030399331
tour_idlwhkzuj1,0.22607502025380175,0.5929267016817881,0.01654997016878646,0.01341790063425459,0.016913568724928135,0.1341168385364411
tour_idyj7ih64p,0.1374766214269313,0.029256800351715354,0.0007662111360214037,0.05594128023279959,0.015895845816737298,0.760663241035795
tour_idpsajjmyx,0.1638824218505576,0.7299228769356214,0.04336959025302288,0.005277924062248212,0.01017294344780376,0.047374243450746326
tour_iddjm6wl6i,0.12561478202130735,0.028941961415330408,0.0006292458135059466,0.17424081194419191,0.12347710655243195,0.5470960922532324
tour_idtagybv4g,0.19733490342857424,0.6583357455499498,0.0348392718423425,0.009985913606108239,0.014879028653088383,0.08462513691993687
tour_idqafmheqa,0.20447217881527316,0.5843120086759276,0.03948248282836129,0.01789000747274695,0.02167553476085224,0.1321677874468389
tour_idyi6los82,0.2661549254940262,0.07927507769768956,0.001089653112402768,0.10508204260543026,0.049376422431808585,0.4990218786586425
tour_idih1eowcb,0.31067938420041147,0.3520693985473247,0.08681420852637105,0.026444575445969305,0.020629755878412693,0.20336267740151082
tour_id95d3hnoi,0.33636602258576864,0.2762998783125765,0.01743086290034531,0.025595168840108883,0.0404173984703856,0.30389066889081495
tour_idvldrbm0s,0.11275476068430525,0.03203908629502828,0.0009728312247938444,0.1183963966886461,0.07960464089298223,0.6562322842142443
tour_idiu5a5tzw,0.11951204846331553,0.7938957633371428,0.043643281433866636,0.003152065543843819,0.0060748026929609966,0.03372203852887006
tour_idv36rzh7c,0.024668712459731745,0.015566884141904762,0.0014543853335821442,0.18674591196024828,0.506429581552565,0.2651345245519681
tour_id85njxjsn,0.38305419547811026,0.2924186992068774,0.009291877340632712,0.029553785254519065,0.025456910479784794,0.26022453224007575
tour_ids4xd11vg,0.1068804880773474,0.8335098740559317,0.03240960381110758,0.0016228590325847237,0.0031584384276363434,0.022418736595392334
tour_ids6e9lk9c,0.29823475390454235,0.26497655895868955,0.009303382141612838,0.0287338113998486,0.012990371064013025,0.38576112253129363
tour_idhprlrkv6,0.18556014503653,0.08101714749402879,0.002205772493216966,0.07016555356955155,0.05159429276458038,0.6094570886420924
tour_id99pyaz9x,0.33898855151728824,0.5234963545496234,0.014520958060957124,0.007395904284676042,0.01110889404628973,0.10448933754116548
tour_idg7e3ui4n,0.27304394843413926,0.26842587654164585,0.006124927179581614,0.032672278119664284,0.01853826114153634,0.4011947085834326
tour_idrh37r0j7,0.09095711569589807,0.022147773249471363,0.0016728460578455948,0.15241958741254824,0.2242793322555832,0.5085233453286536
tour_iduxrqhcea,0.18626046078181974,0.6958586491662109,0.043240290484041044,0.004648482327892701,0.009958199879645992,0.06003391736038967
tour_id99d7kiwy,0.28081069864385394,0.49834219250962936,0.030906078251411763,0.018087900255906158,0.01654537710286091,0.15530775323633791
tour_idw8wm2o5v,0.023707068600525374,0.006116346075969052,0.0004344841891018074,0.16057180650602607,0.526845161796977,0.2823251328314006
tour_idqyq9zw0y,0.18813743080908857,0.6717247379694489,0.06158579085684074,0.006028868064899785,0.010989499055401843,0.06153367324432022
tour_idivwq4v1w,0.00291089755784547,0.0007125228904199483,6.858000880570086e-05,0.11100914338644487,0.837794794284255,0.04750406187222899
tour_id4xoqo9i1,0.394024494998394,0.5033279116788676,0.017283711372135347,0.005528901123572767,0.006224763156741969,0.0736102176702884
tour_idnevz5lyh,0.10069441668525032,0.8223395491218343,0.03836931067802094,0.0030975977051846135,0.006609778672732711,0.02888934713697687
tour_idn49b65yc,0.05526250290340284,0.017972226132827743,0.0005224715032858865,0.16465515045418344,0.10835477925226321,0.6532328697540368
tour_idjrta1z0l,0.14353889397282568,0.7720719730873256,0.037706461106184926,0.003221044219073884,0.008190232175174873,0.03527139543941502
tour_idequkopmm,0.18300948518022045,0.2692267355598858,0.008506458760491194,0.06249009222870371,0.09451539130459541,0.3822518369661033
tour_idkr5a8qhh,0.2593903635990436,0.14442876686557427,0.0036107674274856215,0.03914784283813878,0.027194572966609556,0.5262276863031481
tour_idck1i9jpy,0.007263006473313355,0.0015908618490942576,0.0001096704843960412,0.20991610753283163,0.6651391072334405,0.11598124642692416
tour_idamsemrsk,0.7125086065006709,0.14063766077629813,0.004956982911330794,0.009336974144362142,0.0053778082117758004,0.12718196745556212
tour_ide41cohib,0.20747853169384192,0.6680871729577791,0.01900682173786785,0.006825127038206482,0.010315866475955643,0.08828648009634919
tour_id2capxqan,0.0022706939297393283,0.0005591028021457668,5.884612322684204e-05,0.08634143864922732,0.8741793282980903,0.036590590197570425
tour_idmkyy3nzt,0.3182762778400874,0.17853123341289226,0.0019161362428179345,0.040803765254355924,0.017342850478810935,0.44312973677103557
tour_idnhl7qohv,0.18623260463270225,0.05746508018237872,0.004625476191637989,0.0719948305010639,0.027820356158063178,0.6518616523341539
tour_idh18uxy9f,0.01006328933682457,0.0029955819560651418,0.0002427206595098149,0.261391148011103,0.4966920155682807,0.2286152444682169
tour_idi0vhg24d,0.13448794414704288,0.08474038177100916,0.010315129435112296,0.10396037518973926,0.09699124625420338,0.5695049232028931
tour_ids4vqip7q,0.5565695911955653,0.25372056652425123,0.00941824482367446,0.014361184236499198,0.01114960575168259,0.15478080746832742
tour_idgejmazuc,0.7095493383717545,0.1593395260328721,0.007196293162140539,0.008027654488807191,0.0053185407459196195,0.11056864719850633
tour_idf80dee6z,0.242491347869966,0.28766009306101786,0.009589606729199103,0.02471973807438173,0.01833863275031011,0.4172005815151251
tour_id52jj29ct,0.25948613801739323,0.2489370355264378,0.321573562427019,0.01767683456620099,0.01987090405647466,0.13245552540647423
tour_idmku52s29,0.07816564741290258,0.04213419074209583,0.0024256787531615983,0.1388739122815796,0.14128846600066586,0.5971121048095946
tour_idfj2056k5,0.15800050079310748,0.0829258092289803,0.002645707754148823,0.08958952828717762,0.07758169477295208,0.5892567591636338
tour_idk3s3sgcv,0.41258457316590835,0.230556774476102,0.009326001760938167,0.025200775347292,0.01825945341919935,0.30407242183056016
tour_idz33d41ks,0.05193878736649544,0.017319946715849393,0.0006144894138275588,0.16477093602008813,0.1120517594308799,0.6533040810528595
tour_idl0ttjrmc,0.3744528032198584,0.18686325711919896,0.011814777156458527,0.04672249442940272,0.08890261242540985,0.29124405564967154
tour_idu5k69z9i,0.3468774736548899,0.3425392145133657,0.026427790361814443,0.022437081139430975,0.05836532668123049,0.20335311364926828
tour_idf66smscv,0.07176914255089077,0.029191002732046792,0.0012005789228822922,0.20068182661859424,0.22610414475544488,0.47105330442014104
tour_idur0p7exw,0.6777491620352774,0.19925157930397666,0.008559768963040492,0.007875378435978244,0.006284705219927552,0.10027940604179973
tour_idjsiq8h6o,0.2525255099543426,0.14600941390127378,0.011078249735703262,0.03566463450530757,0.057003305392523865,0.4977188865108489
tour_idh2992qz6,0.08864960590532794,0.8283115016471831,0.02987204322271857,0.004692610799313615,0.008272394977850707,0.04020184344760622
tour_idzmu73uvr,0.11457059748357543,0.05282321997484285,0.004709807665800274,0.1449130247723256,0.1694941851109162,0.5134891649925396
tour_idbsd6a9fg,0.2719612070313679,0.14222271357737587,0.00469799659885019,0.0629027278890427,0.041133505813107575,0.4770818490902557
tour_id4cj9lep8,0.20008096036634618,0.6521074118011312,0.03715155856913195,0.009647513323662317,0.02189137757602051,0.07912117836370774
tour_idd18a2stl,0.3550702645192272,0.37251046332335747,0.0077303183848636756,0.022802547540884795,0.03040140061255879,0.21148500561910794
tour_idjrqlybhn,0.2435129578559151,0.08752462074688801,0.003110302713883306,0.03580199503456792,0.04510567371928695,0.5849444499294587
tour_idxmfwoy4j,0.14822136456761056,0.7168396718674863,0.05331933382546153,0.00967637303636803,0.009042622473901859,0.0629006342291718
tour_idafio0e6r,0.17182176150555925,0.7207502724736569,0.016458080325932174,0.008381768912922423,0.013395848898242585,0.06919226788368676
tour_idwd2vbr79,0.1275532708569871,0.05448320440450203,0.001571684283767325,0.09321961742215312,0.0802084425077294,0.642963780524861
tour_idtxmv1vn8,0.04549676572213528,0.013651882662440376,0.001953388282124728,0.25777933294198013,0.1385622379919725,0.5425563923993469
tour_id55m6ye74,0.1311525507085021,0.0526924131521327,0.001809604592126875,0.07610265147545522,0.05266590452363465,0.6855768755481485
tour_idrjo6d6m0,0.32373813969108156,0.5534636389444915,0.016260777448045407,0.006232091536295922,0.011618260254244367,0.08868709212584133
tour_id7vxwd2qi,0.4616718251746441,0.1446716077421771,0.009386849637630628,0.020712483261319112,0.036791010602579735,0.3267662235816494
tour_id2lx80ftk,0.2519323494764721,0.08996027258507587,0.0019810555143200217,0.10496379203886914,0.10480970898875425,0.4463528213965086
tour_idys87o0ds,0.5282826138828953,0.07942130604291031,0.0025979548510748325,0.023385004942104583,0.012367546628357503,0.35394557365265755
tour_id1fy4lusi,0.6326556760993081,0.18291497122015551,0.01125339051314642,0.017158783197637327,0.00806256920962825,0.14795460976012442
tour_iduw6503kx,0.11550821813148925,0.04180386068772153,0.0007327531836072278,0.09921688845210763,0.052292833712471946,0.6904454458326025
tour_idu1kt91ev,0.15529498752893744,0.04542921725482604,0.0010211863045356585,0.1313547917106147,0.12253922135105873,0.5443605958500274
tour_id53o0z6dv,0.472409068690293,0.1273431455529804,0.009411685173935497,0.014935121347172294,0.028685056687463482,0.3472159225481553
tour_idz6rfgk6y,0.267529317591428,0.1752135187658786,0.008479983282932538,0.042024987106626666,0.021414441339759806,0.4853377519133744
tour_iddt68t83y,0.010146570867262368,0.003286386045057461,0.00025127056047212834,0.2411371240377111,0.5614308124429804,0.18374783604651646
tour_idb6b9fe7o,0.16975621721209838,0.06273195632314772,0.0025918651587541574,0.09544904302289106,0.043287519721372236,0.6261833985617364
tour_idgiofw9gq,0.30847897927404105,0.5141711263954292,0.01450775032371285,0.011841331685268557,0.011875564829619016,0.13912524749192934
tour_idlaknkcn4,0.3011723217621533,0.48468374888848464,0.019086540559701194,0.01876969838302326,0.018701892585797582,0.15758579782084006
tour_id3tjp864r,0.26870915782995525,0.06818463914893722,0.0016743295824522555,0.06927631873634786,0.04935056303224387,0.5428049916700635
tour_idy76hhahh,0.26876445411519845,0.5742924538996087,0.01637935450367496,0.010822345268290495,0.013076630234812864,0.11666476197841447
tour_idufgz5k4v,0.3193399923385476,0.30190065712344183,0.007714399024701849,0.04545773302967304,0.04439492870564602,0.2811922897779896
tour_idt79f2xgp,0.2146339263778554,0.14177524890140009,0.004843772640681219,0.06902390138549354,0.07149282624358172,0.4982303244509882
tour_idrpkhu48l,0.177201933216944,0.1992779946019361,0.016878740919056143,0.07064513564949328,0.05469846411589719,0.4812977314966732
tour_iddskibken,0.21313354206200918,0.22252525113526478,0.018196061879410218,0.04199634659197646,0.02771132256647983,0.47643747576485956
tour_id0yne0qoz,0.03982982323060817,0.010911543037985165,0.0002711893940129309,0.273864524009419,0.33280582283577675,0.342317097492198
tour_idswphik77,0.1405383101309577,0.6212105645894876,0.16529282401639903,0.010201059945822332,0.012077863845922009,0.0506793774714114
tour_idqq5ggah5,0.08791491489138951,0.8299910501277421,0.05941562993263514,0.0023320288871724144,0.003339040058084287,0.01700733610297647
tour_idu5zt4ri7,0.2251228666917046,0.13639986396560602,0.005340276011638147,0.05674750251486576,0.02950492533847393,0.5468845654777116
tour_idvya147vx,0.0894238820474539,0.7856410727261357,0.07859778957644793,0.004428568692080696,0.006014419660157995,0.035894267297724075
tour_idrpntkknt,0.34814286633320934,0.36001811074558376,0.0178364138754485,0.019342280378880587,0.020874467206276653,0.2337858614606011
tour_idraeuhzn4,0.06892901520590834,0.0182182263226769,0.0008137399070932469,0.1369621071278933,0.09898898599004659,0.6760879254463816
tour_id9j5ntupu,0.31632980454795057,0.5290644249587052,0.017635601250686278,0.009552597592479997,0.011170431800233027,0.11624713984994499
tour_idzh5y8x5s,0.12070330236609285,0.027482314290926242,0.0011564932787225838,0.14028279308764316,0.13598523422520536,0.5743898627514099
tour_idml3wpa4x,0.1269653929806195,0.7769445178741343,0.053391284780431515,0.003524242511564145,0.006628685463027981,0.03254587639022237
tour_idb5wwneht,0.13300020130778825,0.7812497971488943,0.038205015094818114,0.003741185642288473,0.00631634391020526,0.03748745689600563
tour_id6j0d5sc0,0.3675785480500781,0.2525962351648688,0.0055053544939735865,0.022851464169225736,0.03241734610542376,0.31905105201643
tour_id8jaxzf3i,0.22299036869435124,0.09111845140691169,0.003488471188032901,0.08667161117593632,0.06536100335626431,0.5303700941785036
tour_idqtljd0wy,0.5174331100570861,0.1455196515664818,0.007210166695134172,0.014050699619637425,0.02481027467887191,0.29097609738278846
tour_id4rq5gax5,0.049555970545282685,0.01793202573555751,0.0012358032233737903,0.18500525676134497,0.29269634435674735,0.45357459937769373
tour_id220owjdl,0.2735278933659364,0.57245165834892,0.01256056435300786,0.015517976163520205,0.012432027931386081,0.1135098798372293
tour_idifc5uhep,0.006589959013444637,0.002523679815482149,0.0002556093718079537,0.2763521534520049,0.5766599575400737,0.1376186408071867
tour_idquwcxoqm,0.6271824298365711,0.15758647485074406,0.003873130533847185,0.019609933329326503,0.01612799830915047,0.17562003314036087
tour_id5dtj3tq9,0.25362967753267035,0.581989453299611,0.019048904115409666,0.013280870611959608,0.01851712701732698,0.11353396742302246
tour_id7y6t2y1a,0.06876334465197587,0.010548546673756168,0.00026625780143247404,0.20370148552542622,0.2349551822364566,0.48176518311095273
tour_id7afyqg3c,0.09897891490573497,0.0598435856054514,0.0014459346893420549,0.1453901297648486,0.15090058625004435,0.5434408487845785
tour_idkrwfvqny,0.22235739860474615,0.062143185574010856,0.0012158888680874813,0.03937796432670246,0.014966102361756748,0.6599394602646964
tour_idsab6ci0z,0.2771016656188085,0.08436589739116016,0.0017501365693324336,0.04520978043052877,0.032902199920417666,0.5586703200697524
tour_idtbcgl3ok,0.0807283159461951,0.021037110822430795,0.000672290952307696,0.18817878121883203,0.15580910089448613,0.5535744001657483
tour_idb29m1zc9,0.008624820590751257,0.0013246237450719191,0.00010687953044949152,0.0774819255597901,0.8082265355905589,0.1042352149833784
tour_idg37cnny5,0.21973077822754222,0.3141542752550015,0.0359733944881724,0.02680415123312941,0.03244973101174086,0.37088766978441357
tour_idyivzhi1g,0.07589606957144815,0.01873230205169355,0.0005475086376100726,0.18951000272791296,0.14966903488963412,0.5656450821217012
tour_idys6jeerv,0.5525479793737907,0.0905299684261618,0.0031981301883247048,0.01802790844610398,0.015266878830880714,0.320429134734738
tour_idf2bhsuv9,0.01466535402033977,0.0033161153546251354,0.00026599047388371923,0.2354605941534613,0.48410037637633924,0.26219156962135076
tour_idkslkxm6c,0.03058910517288859,0.010042199549264955,0.0008982439719213299,0.2248634830136388,0.38569934246432097,0.3479076258279653
tour_idinanh2ib,0.19798387720608407,0.7567229178241498,0.008047844752631619,0.0029037943325861495,0.0025588933434112938,0.03178267254113707
tour_idfbvkrd52,0.4676040921905147,0.12702276749578226,0.002472265200732187,0.04230336357938358,0.042615444790184184,0.3179820667434031
tour_idorlcjtl0,0.2356441906618862,0.6363745991213463,0.018454773152574117,0.012542948672179827,0.012079600700985679,0.08490388769102782
tour_id1rsu7v9u,0.20810606696065295,0.5799992502506401,0.008449826570349032,0.02264883052210602,0.02687290875508546,0.15392311694116625
tour_id6syl4xea,0.08060310610225611,0.02578689321294993,0.0012573872424532233,0.15249531443775216,0.13715449255554915,0.6027028064490393
tour_idw350rwr6,0.05209012702373149,0.013929346337795457,0.0005422654179351874,0.2514394992506859,0.22772143632087605,0.45427732564897594
tour_iddlvfw74p,0.20820784407209803,0.09845898189971261,0.003919928018967442,0.06743023350407061,0.03215014652080951,0.5898328659843418
tour_id19ga2seg,0.007385678318878097,0.002339716479558882,0.00025937836262223746,0.27620781610622513,0.5272145011903222,0.1865929095423935
tour_idt4nh14t3,0.048881187163501344,0.015405892384603907,0.0010094590769503325,0.20237245485729094,0.2311448460079274,0.5011861605097261
tour_idivophlfk,0.15429042134159693,0.049375565402340615,0.0010815982401514758,0.06604724418966292,0.02170210248100151,0.7075030683452466
tour_idn3oclcev,0.38879591028819804,0.2074686865012144,0.004360787203200684,0.02692442562910074,0.026580571793193772,0.34586961858509224
tour_idqsq7b1wj,0.316921535436619,0.097682401201106,0.003477220695962994,0.043326661024516266,0.024572801750439285,0.5140193798913565
tour_iddi4frevq,0.17856734222292792,0.04455183009011895,0.0011963948048957622,0.08233954622317306,0.030983873419800433,0.6623610132390839
tour_idsd6yvwdu,0.32612913886799333,0.6130600985339895,0.006655328191941057,0.0036549118396239284,0.00399169964556005,0.04650882292089224
tour_id68rserht,0.4451891730517782,0.12682977729010655,0.007950370465849585,0.018805931191214872,0.02720756401227804,0.3740171839887728
